15 4
0 0 0
0 1	0
0 2	0
0 3	1
1 0 1
1 1 1
1 2 1
1 3 1
2 0 -1
2 1 1
2 2 -1
2 3 1
3 0 3.375
3 1 2.25
3 2 1.5
3 3	1
4 0 8 
4 1 4
4 2 2
4 3 1
5 0 12.167
5 1	5.29
5 2	2.3
5 3 1
6 0 21.952
6 1	7.84
6 2	2.8
6 3 1
7 0 35.937
7 1 10.89
7 2 3.3
7 3 1
8 0 64
8 1 16
8 2 4
8 3 1
9 0 125
9 1 25
9 2 5
9 3 1
10 0 166.375
10 1 30.25
10 2 5.5
10 3 1
11 0 216
11 1 36
11 2 6
11 3 1
12 0 343
12 1 49
12 2 7
12 3 1
13 0 512
13 1 64
13 2 8
13 3 1
14 0 1000
14 1 100
14 2 10
14 3 1
0 6
1 6
2 16
3 23.34375
4 76
5 138.26863
6 326.90688
7 680.04513
8 1626
9 4546
10 7087.59375
11 10656
12 22056
13 41614
14 121236