15 6
0 0 0
0 1	0
0 2	0
0 3	0
0 4	0
0 5	1
1 0 1
1 1 1
1 2 1
1 3 1
1 4 1
1 5 1
2 0 -1
2 1 1
2 2 -1
2 3 1
2 4 -1
2 5 1
3 0 7.59375
3 1 5.0625
3 2 3.375
3 3	2.25
3 4 1.5
3 5	1
4 0 32
4 1 16
4 2 8
4 3 4
4 4 2
4 5 1
5 0 64.36343
5 1	27.9841
5 2	12.167
5 3 5.29
5 4 2.3
5 5	1
6 0 172.10368
6 1	61.4656
6 2	21.952
6 3 7.84
6 4 2.8
6 5 1
7 0 391.35393
7 1 118.5921
7 2 35.937
7 3 10.89
7 4 3.3
7 5 1
8 0 1024
8 1 256
8 2 64
8 3 16
8 4 4
8 5 1
9 0 3125
9 1 625
9 2 125
9 3 25
9 4 5
9 5 1
10 0 5032.84375
10 1 915.0625
10 2 166.375
10 3 30.25
10 4 5.5
10 5 1
11 0 7776
11 1 1296
11 2 216
11 3 36
11 4 6
11 5 1
12 0 16807
12 1 2401
12 2 343
12 3 49
12 4 7
12 5 1
13 0 32768
13 1 4096
13 2 512
13 3 64
13 4 8
13 5 1
14 0 100000
14 1 10000
14 2 1000
14 3 100
14 4 10
14 5 1
0 6
1 6
2 16
3 23.34375
4 76
5 138.26863
6 326.90688
7 680.04513
8 1626
9 4546
10 7087.59375
11 10656
12 22056
13 41614
14 121236