15 5
0 0 0
0 1	0
0 2	0
0 3	0
0 4	1
1 0 1
1 1 1
1 2 1
1 3 1
1 4 1
2 0 1
2 1 -1
2 2 1
2 3 -1
2 4 1
3 0 5.0625
3 1 3.375
3 2 2.25
3 3	1.5
3 4 1
4 0 16 
4 1 8
4 2 4
4 3 2
4 4 1
5 0 27.9841
5 1	12.167
5 2	5.29
5 3 2.3
5 4 1
6 0 61.4656
6 1	21.952
6 2	7.84
6 3 2.8
6 4 1
7 0 118.5921
7 1 35.937
7 2 10.89
7 3 3.3
7 4 1
8 0 256
8 1 64
8 2 16
8 3 4
8 4 1
9 0 625
9 1 125
9 2 25
9 3 5
9 4 1
10 0 915.0625
10 1 166.375
10 2 30.25
10 3 5.5
10 4 1
11 0 1296
11 1 216
11 2 36
11 3 6
11 4 1
12 0 2401
12 1 343
12 2 49
12 3 7
12 4 1
13 0 4096
13 1 512
13 2 64
13 3 8
13 4 1
14 0 10000
14 1 1000
14 2 100
14 3 10
14 4 1
0 6
1 6
2 16
3 23.34375
4 76
5 138.26863
6 326.90688
7 680.04513
8 1626
9 4546
10 7087.59375
11 10656
12 22056
13 41614
14 121236